$ANSIBLE_VAULT;1.1;AES256
62393962363537336439353433323166336236653438323263356562336130666632346637343330
6632356366336134333163316535646462373565633363310a616465373862343936653533393634
61343235666362326231306636633335623666303935373536633938303664393966616563613035
3130633932366562300a633938633632653830373162633034313730656664376135313065303434
37666338353039386136616563393961646462323161336138656263636436313035356539346630
30366331383564646161373662386462346133636262316663653534333338333738306464633866
38336464393666636535396636343861396330633966376639356637366234363563353764366564
34666230653935313965333361373163333466306638636532373566633766316535353864353530
33303439316434626261393337653830366636336533663439366237346431376164356661316137
63623361636165616439373866663733313963396331613430623165626136303734653532373066
31333861323937656433633361323230366632396364326330613530326563343465383532616533
37656630333433656637333938366232373135383062353438326166646530333333646535656263
61313266363565646330383163323930343134303763623232623131636636616633363535643262
39316634336461636139363731386464363138366465663139353062323535633561616639316434
37333236386464323864383537333436376434663735393563363463613433366363383361333365
61363034653635326533653062336639363337343139666533353932653938346531383865333463
38303137396663643337376162373164393835616366366361366464343462323938333839393533
34326630323337633237313831343861653262346334623331373435313432613963613461303732
62343063346661666462376566386639346437653630386237666332633766316236343238393731
66383539623161313830653332636437633566366330383636613234333562393635383636656632
3633
