$ANSIBLE_VAULT;1.1;AES256
39373030343937366165323837653635633864323162643232643235363965383931363830336435
3536373439333533653136363164336232313961386662300a323465616261313361363765316435
31623263333230666430333861613436643565633633353937373837666662343739363339653135
6530356163316437620a663237323766306561346263656564613935646537323038316663646436
36376561663838383963303535393532323634636433386166616633303635373466643038643335
66333437346131356639333065616439353261666165336639366538633162353765616231323062
66366264353239646338663131396236353036623731363262363263316331373639353635386232
65333865393439626464383136303064343666343766323763303136316331323430396563376539
63393634393532633631323137363738313037376165663238363934376639633133323437393664
34636436613638366333343632373435636433336466393638626139656465363239663334643464
37663061396137393936343934656535383861393632316533616538656431396136326162636331
64653733386430643736353765376333633461396339346134653233303161653536643964353630
37303238393332306232643539666236363837353938663264656165343733343663663232343633
66326565333137396435636339396262313136613161663261373834346539316634623831313730
31656634653661366332306665303435646165393162396231376133303731353531333565643034
37373638643432366563313937613532616537353037656163343939393031383435643063343861
3839
